498.68
153.18
506.65
165.48
513.67
163.72
518.46
221.24
212.32
300.62
198.77
151.04
213.32
364.96
234.51
512.32
376.76
284.79
406.38
373.63
316.74
193.42
225.18
222.55
341.26
219.61
262.63
236.68
192.18
380.64
321.16
307.79
313.29
199.05
232.05
236.97
324.63
164.6
364.56
318.09
194.66
207.25
228.7
308.32
175.18
187.96
442.8
214.13
306.45
286.27
371.96
344.81
177.61
388.15
347.7
278.96
451.93
314.43
186.29
372.54
156.78
235.46
277.23
202.22
377.63
330.01
303.26
372.83
438.28
502.39
275.82
296.28
146.3
510.42
241.4
373.89
151.14
316.23
316.59
221.79
245.0
247.6
238.13
144.49
269.07
386.38
205.65
239.39
206.32
288.93
206.26
304.54
373.89
201.96
316.05
275.37
304.26
252.52
310.99
316.05
806.26
1471.57
858.07
1732.64
1234.83
628.72
1255.09
1468.5
827.64
1432.87
715.69
1561.9
1470.78
1596.45
1581.46
1431.64
812.44
678.18
1275.19
731.53
1486.32
1636.82
715.93
1148.21
699.85
1629.31
763.38
791.71
620.74
809.19
1511.31
949.0
1017.53
826.51
1395.75
740.7
1103.22
1417.45
1367.78
874.13
657.69
959.13
1131.38
871.67
985.8
1390.87
1638.62
1531.92
792.82
1480.5
843.35
1539.89
1057.1
1507.78
1333.3
690.42
1202.52
1192.09
791.95
736.55
1350.88
588.46
1163.67
886.35
1507.56
1336.88
770.24
718.45
1606.79
434.54
737.99
875.97
848.48
1148.79
1251.11
1394.52
1446.69
801.06
724.05
793.78
1555.22
1300.65
960.8
1715.64
989.78
1116.25
732.13
792.64
822.12
1402.3
1572.45
1320.34
935.05
588.6
525.55
1237.8
962.55
711.08
695.61
893.25
1913.84
1577.02
1624.38
1044.52
1484.87
2028.83
1123.44
1010.75
1169.42
1731.94
1590.56
1365.89
1509.86
1134.79
1734.35
1659.51
1584.43
1138.28
1956.16
1553.57
1094.09
1413.42
1906.3
1749.05
1694.53
1441.93
1343.62
1745.0
1021.4
1568.48
634.43
1583.19
1121.97
1682.11
1081.18
1788.0
1146.51
1652.76
1572.35
1574.14
1103.66
1530.42
780.43
1669.29
1713.1
1752.42
2007.8
1796.8
1437.36
1748.38
1262.19
1201.53
1912.07
1572.6
1861.92
1110.68
1502.16
913.05
1598.02
1172.92
1541.48
1679.24
1785.53
1292.05
1594.41
1753.11
1774.75
1326.54
1481.74
1898.23
1582.84
1742.38
1593.92
1213.27
994.25
895.17
1933.01
1382.78
1594.94
934.41
2053.93
1170.17
1562.94
1995.19
1565.15
1902.34
1794.3
1145.55
1663.14
1188.11
2027.45
1954.2
2103.59
1937.04
1084.02
1487.89
936.16
1832.41
1626.34
1681.49
1479.67
979.94
1357.6
766.47
1333.2
815.69
1056.57
1511.88
1428.12
1551.12
910.17
1339.48
1219.6
1203.0
1288.46
856.36
1010.54
565.81
1150.4
1055.36
1557.89
869.43
737.11
1441.24
1573.59
1177.85
1186.58
1584.76
1172.23
914.64
640.47
683.77
648.9
1891.95
1389.78
772.81
693.51
680.57
968.16
1031.28
707.63
807.2
1278.86
1445.23
889.41
1062.99
1262.45
645.43
865.19
1146.77
1761.78
1010.46
664.96
1100.07
606.66
677.82
1365.03
1409.97
603.7
688.81
706.41
1176.55
1821.98
1300.84
635.52
1539.18
1402.03
775.52
757.44
1192.18
957.56
1128.24
1437.68
1329.77
1364.86
1076.37
1412.58
671.39
775.51
1210.96
740.5
957.93
1353.16
532.52
1176.69
764.6
1856.2
504.91
846.19
1395.05
646.23
976.24
683.19
1418.57
1849.03
1053.52
1419.22
849.95
1100.0
1728.4
917.85
665.69
874.37
1036.45
797.8
548.24
911.26
935.06
460.6
1161.89
654.14
1077.96
709.32
1003.3
752.44
611.36
1174.79
610.01
1440.63
525.81
1073.46
546.02
808.04
864.92
725.94
822.45
1176.84
756.63
560.69
1375.5
552.43
691.97
1006.02
880.92
659.49
1621.51
887.52
893.42
676.3
1016.51
1055.68
919.33
499.23
615.6
572.59
1102.06
627.06
813.43
1152.93
640.02
289.47
292.82
311.14
646.47
1146.4
526.4
882.77
773.44
462.95
840.46
871.3
834.88
797.64
616.57
1192.27
473.77
847.6
1153.35
1209.28
323.5
790.04
851.24
1109.99
1090.1
690.08
791.54
965.04
1177.57
849.13
384.36
535.39
672.44
329.65
317.37
783.84
663.56
1172.16
817.49
772.28
1126.77
513.26
619.48
319.57
749.1
263.66
311.1
972.2
782.12
814.17
735.87
909.05
807.65
669.82
306.33
959.33
273.9
786.66
539.53
751.92
638.96
811.33
785.31
549.43
471.76
299.57
777.48
783.36
1261.2
791.24
448.22
1015.28
693.9
1221.34
456.41
635.58
560.81
662.95
819.27
801.63
396.43
572.27
951.86
805.18
618.58
278.48
819.27
972.99
316.55
1074.41
600.5
908.26
969.69
730.46
319.21
490.0
355.52
1187.24
1126.99
380.87
788.83
1472.67
1182.92
1254.8
1452.37
1172.08
495.99
663.8
658.49
1192.19
1395.88
782.59
1433.5
863.59
643.59
1431.62
640.93
738.24
610.56
857.75
1372.38
616.34
596.46
716.04
1520.34
1302.44
697.18
1411.82
738.64
1315.48
590.38
641.85
1063.27
609.87
585.34
760.11
1488.9
1352.71
927.65
1099.02
1296.7
1489.6
853.0
1007.59
1502.12
758.76
1385.02
1251.92
1288.68
825.66
1291.44
1450.22
682.08
1545.23
1425.39
563.31
1284.26
731.91
583.43
778.79
1467.95
775.51
1116.75
1152.49
1308.44
1438.49
755.76
1099.49
1351.25
1396.9
735.15
1530.13
506.61
1406.2
555.93
859.36
1261.19
1318.09
692.74
1498.56
1026.31
774.24
605.68
755.9
1464.51
888.97
624.84
1485.44
1440.97
807.86
1255.73
563.39
1035.37
570.99
944.6
879.67
1151.56
632.47
1305.4
1457.81
770.92
1877.47
1973.1
2060.51
1942.8
1786.29
1998.96
2043.59
1971.78
2049.33
2010.13
1965.52
1871.38
1741.07
2020.13
1888.44
1922.03
1791.79
2029.5
1896.66
1829.36
1791.72
1779.07
1944.71
1898.91
2025.51
1915.67
1837.97
2030.22
1811.84
2012.0
1832.3
1860.32
2003.63
1920.92
2043.4
1765.37
1826.14
1885.37
1910.24
1722.95
1821.41
2041.47
1992.38
1805.5
1812.89
1897.98
1889.96
1765.37
2194.1
2104.97
1826.46
1974.76
1834.94
1941.24
1986.3
1859.08
1997.2
2132.77
1822.16
1949.83
1821.63
1872.84
1804.24
1912.88
1999.16
1869.55
1926.55
1823.99
2035.12
1805.79
2167.85
1874.26
1906.2
1997.7
1855.85
2074.05
1843.05
2019.01
1954.01
1844.61
1945.37
1828.7
1905.61
1889.48
2001.22
1919.85
1852.27
1835.18
1836.15
1996.52
1818.68
1941.44
2097.83
1825.71
2029.3
1778.42
1886.78
2071.78
1802.13
1871.87
1349.94
1197.55
1026.95
1931.66
1460.1
792.12
1247.15
1347.74
596.79
1169.4
2144.76
1534.17
1872.36
1771.73
1525.38
1986.53
1715.67
1761.55
1805.73
1439.94
1365.85
2168.62
1806.42
1834.97
1415.83
1452.86
1643.98
856.4
1986.23
1413.88
1660.18
1601.85
1787.13
1134.01
1427.0
1967.64
565.5
1872.51
1701.1
441.06
1905.86
1990.97
1195.54
626.38
1320.89
1710.54
1853.9
729.14
1635.34
1441.47
1521.77
1459.77
1219.33
2022.54
1591.93
1045.94
1586.59
1945.15
1325.97
1856.69
1262.99
1087.73
723.1
172.14
1376.12
1304.56
1142.03
1991.81
1366.45
848.01
1537.39
1380.66
1426.97
549.32
1531.75
1615.64
1482.59
1557.96
613.22
1615.5
1192.8
1034.12
1495.69
1881.61
554.01
1760.83
1458.37
1710.91
931.17
1793.9
2111.54
750.21
1351.16
1341.28
1497.12
1687.08
1794.9
1281.17
1013.86
1217.66
1418.68
1814.64
1560.95
1776.08
1848.98
1792.24
1792.95
1820.48
1347.08
1630.34
1397.97
1179.5
1146.36
1448.38
1448.43
1290.07
1560.46
1384.29
1377.78
1654.94
970.56
1661.49
1807.6
1094.54
1224.1
2197.03
1167.98
1697.06
1554.25
1888.39
494.77
1415.88
1358.23
1119.82
498.11
1475.76
1084.25
1116.87
1742.67
1220.56
826.86
1334.77
799.79
1845.35
977.24
1878.4
1893.39
1141.6
848.08
1790.16
1632.75
1588.66
1922.88
2188.86
1489.8
723.79
1497.04
641.85
1299.58
1839.65
1921.01
740.07
588.18
1352.08
1636.73
1163.5
776.97
1624.43
1554.07
2052.95
1774.32
1877.47
951.39
1794.36
1332.39
1458.73
1714.63
1905.09
1698.6
1676.31
942.71
1836.05
1860.36
1529.29
1582.06
1497.92
601.89
1054.68
766.46
1493.57
1963.97
1959.53
1395.56
1418.33
993.68
1481.5
1676.71
1731.65
1331.42
1689.59
1488.53
1387.0
1926.96
1553.1
991.1
1670.09
1392.3
1580.47
1654.29
1963.97
1501.5
1668.48
1708.39
1479.01
1650.61
2185.69
1822.78
2014.75
1546.72
978.84
1086.51
2147.01
1986.46
1924.81
1294.39
1633.0
928.85
490.28
1477.15
1656.92
1232.71
1035.13
1180.78
1879.82
1970.62
1619.32
1692.53
2000.44
2037.96
1775.35
1516.26
1664.56
1876.6
1508.34
2003.64
1311.68
1323.39
1835.46
1753.39
1872.95
621.43
731.78
1906.3
1555.48
1703.25
2106.52
1636.8
1905.47
1636.28
2034.86
1260.36
1833.95
804.24
1485.55
1682.01
1688.34
1351.77
1542.86
1020.24
1937.14
1627.69
800.33
1611.2
1762.42
708.39
1223.27
1635.95
1781.92
1793.08
1240.27
1066.95
869.64
949.51
1472.18
1421.29
742.33
1776.93
1090.93
1138.01
1802.08
1546.99
1023.4
1791.92
1248.83
1087.42
1560.05
595.54
1329.52
1194.06
1743.51
665.39
1302.1
946.37
1874.34
1436.43
1512.18
1759.93
1677.07
825.38
1893.44
1747.6
1086.74
1171.51
1686.04
1557.05
1302.96
1716.43
1775.32
1654.71
1614.68
1475.76
1730.56
683.35
1399.15
1176.03
1617.59
1205.84
1589.59
1682.1
993.14
1473.81
1271.03
1693.14
1625.38
1369.47
614.36
1225.63
1907.79
1607.7
836.15
1783.23
1428.88
1197.59
1828.67
1479.09
1434.86
514.86
1102.03
1860.87
1402.99
932.26
1025.55
1870.54
1185.26
1343.07
1750.78
1628.48
1463.55
855.38
1802.75
1700.45
1772.65
1386.89
1417.81
1498.64
1622.49
1856.73
804.24
1614.51
1742.89
1499.57
1374.89
1788.2
746.3
1666.34
1489.69
1861.73
1978.88
1586.55
1581.01
1490.53
1825.09
1699.11
971.85
1051.94
1163.45
1323.35
1438.37
1798.24
2014.02
1554.7
1261.32
1275.36
1131.36
1509.08
1222.25
1954.83
1715.13
1756.45
1212.1
1604.63
1657.87
282.19
2098.87
1380.66
1704.32
1621.41
1851.91
1893.66
866.21
624.95
1210.54
724.39
1808.73
1790.08
1935.38
538.11
1304.76
1685.03
1567.78
1590.18
1516.07
1166.76
1764.87
1081.46
1512.29
1729.13
1498.96
1978.06
1751.86
693.03
1601.94
634.16
1612.51
1803.42
1800.98
791.91
1456.44
1305.77
952.91
1633.04
884.22
1692.97
1678.6
1678.91
1981.31
1809.17
1484.88
1198.25
1137.55
1714.16
1245.71
1557.4
1410.59
725.6
1139.98
1378.9
1023.72
1783.32
1368.46
2032.93
457.46
1862.22
1416.53
1895.18
1651.2
359.36
753.54
1747.91
658.66
1050.44
1522.59
1405.88
1658.64
1333.11
1769.05
1359.89
1771.06
784.97
1501.85
1221.76
1165.69
1493.79
1591.98
1600.98
480.68
1197.76
771.38
1450.82
1602.22
1047.45
1157.98
938.63
1068.11
1084.79
1508.89
1894.28
1941.79
1966.13
1346.67
1935.67
1778.45
1004.94
1247.88
712.87
975.55
1581.01
1156.54
1756.4
1815.55
1587.54
787.77
1445.6
1203.64
1644.07
1696.63
1893.56
1220.49
1741.73
794.56
1569.49
1182.66
1093.12
1732.72
1381.91
1648.5
1831.08
917.69
1237.89
1535.78
594.73
1543.6
1353.5
902.1
1810.21
1520.73
2010.14
1172.64
553.5
1161.48
1534.39
1882.28
1782.41
1743.95
1395.67
1229.07
1605.5
1622.28
1378.58
1499.23
1966.24
1380.66
1585.94
1456.66
1684.01
1838.87
1800.97
1795.05
1259.88
1042.85
1177.02
1461.94
1610.38
952.25
1891.52
1617.29
825.0
1466.83
1992.74
1478.34
1205.54
778.82
1516.88
1226.48
772.45
1345.58
874.36
1393.12
1074.55
1227.61
1580.64
928.91
1309.27
1194.66
1084.06
1561.67
1604.63
763.92
1725.96
1216.43
501.94
1435.29
917.72
1453.59
1135.58
1676.56
1248.36
1471.81
1267.27
1742.01
1155.67
1611.1
1217.11
1585.47
1923.04
2130.9
1677.87
1311.48
643.24
1787.5
1532.75
1518.36
1441.74
1634.48
1940.29
1555.94
1567.57
1517.81
1067.42
2056.31
1805.67
1872.69
1173.6
1375.09
1578.25
1639.44
1497.03
628.92
1790.24
1193.49
1771.89
1255.0
928.48
1743.96
1832.25
1333.17
1925.06
1556.07
1562.62
690.33
1496.11
2108.49
1454.63
1465.09
1854.18
1659.85
1538.31
1849.64
1567.57
1542.21
1438.31
1539.71
1524.01
2196.82
909.96
754.85
1688.56
1530.84
1235.54
414.82
1364.71
773.53
914.33
1814.47
933.13
1586.29
1737.18
1754.98
1412.41
1874.93
1363.45
1127.67
1390.6
1786.65
1512.7
1657.09
1579.96
1393.14
900.54
1533.3
1561.71
1308.06
1493.93
1698.28
1634.83
1238.37
1661.11
1376.16
1660.36
1831.67
1122.18
1975.91
1474.82
1789.9
1037.87
2055.03
1560.48
1950.81
1219.86
1073.35
1952.3
1786.35
1517.74
960.84
1452.59
1850.46
1543.18
1583.99
1447.16
496.23
1637.97
990.83
1337.88
1281.6
2215.14
1267.42
1426.07
1690.68
1057.32
666.65
1365.65
1515.2
1395.44
1541.78
966.29
1103.38
1433.39
1482.0
1476.91
1448.33
1895.37
1584.46
1220.83
849.11
1505.75
1736.9
1631.07
1376.73
1466.87
744.03
1557.7
1044.1
765.53
1337.46
1693.36
1592.68
1836.86
1302.14
1715.19
912.61
1614.17
1849.64
1014.85
2017.48
1218.83
1897.89
631.64
623.57
1513.22
1118.84
1810.16
1288.86
1810.73
1594.53
1474.58
1611.07
1239.64
920.24
1786.65
1745.04
579.31
1149.19
821.82
1174.74
853.89
1489.38
1544.87
1549.77
1976.41
645.69
751.06
572.26
1375.14
1108.85
1568.12
931.52
2197.74
1577.67
315.2
1503.7
1272.2
637.88
1200.08
1461.42
909.8
1823.07
1776.32
1668.31
810.1
482.77
1461.96
1128.44
1460.14
1523.37
1166.21
1598.87
348.52
632.65
1696.38
1726.37
755.28
932.29
1178.79
1444.63
1442.02
1334.24
1783.05
461.97
1330.04
838.21
1488.96
1691.02
1791.14
1683.09
1521.05
1861.23
1414.23
1978.58
1150.74
1626.37
874.68
1517.77
1342.81
818.13
1581.12
1591.68
1599.09
1704.13
1521.77
1637.32
1440.88
1170.46
1392.97
1205.45
838.54
1705.41
1605.0
1507.69
1382.49
2079.56
1838.72
1810.39
505.44
1150.63
1276.53
2048.01
1404.27
1090.89
1421.91
935.2
1880.95
1628.92
2169.27
1499.22
1473.63
940.66
2030.46
1682.3
530.73
1327.06
897.94
1356.3
1572.99
1485.18
1466.83
1670.32
1457.49
1727.68
821.64
1187.44
1447.86
1560.32
822.83
1561.47
1586.29
982.97
639.73
860.5
1388.1
1119.35
1623.36
1100.98
1783.27
1705.79
602.6
1524.59
1471.72
1414.0
1278.86
1288.37
1794.03
1517.12
1913.28
2131.17
1906.82
1621.02
1384.57
1111.47
1480.79
1467.22
1730.56
1692.32
561.53
1806.52
1902.77
1841.36
1726.7
1353.06
1373.42
1156.67
1281.31
1742.45
798.13
289.73
968.82
519.64
1302.61
1059.3
922.71
680.51
921.3
1647.42
1497.08
584.9
1211.13
1860.28
918.43
1788.96
1849.64
1509.86
1669.54
447.23
1441.63
1455.82
967.64
1237.23
1444.19
1179.6
2025.4
1284.06
1596.8
737.23
2089.46
1226.86
1944.21
1180.56
1400.85
1276.59
1576.97
703.16
1313.59
470.74
1242.97
1705.68
1843.71
517.83
1782.09
720.77
1078.06
1028.35
1162.69
1682.52
1430.6
1514.94
1630.65
899.12
588.56
1214.23
1873.66
1822.53
1163.14
2009.45
1872.78
1671.82
955.58
1581.87
1478.29
739.09
1591.6
1179.56
1681.98
1403.1
1427.29
1677.98
1585.77
1431.41
1660.07
1749.56
1624.11
1490.65
1121.82
1621.21
1784.44
1065.2
1687.74
1122.9
917.84
1680.81
1494.62
2001.87
973.92
1141.2
1258.19
1099.95
1816.12
1245.06
1949.38
540.37
1393.41
1511.25
1274.99
1486.94
1816.32
1960.72
1587.21
1216.11
1300.13
1720.23
2050.81
458.99
1983.12
767.26
997.36
1769.43
1030.28
1503.87
541.03
1918.02
1572.0
1982.85
1991.68
1307.53
1632.67
1567.03
2011.46
1691.26
1491.82
866.77
821.83
1604.38
789.18
1717.41
1238.86
1385.65
2043.23
1612.3
1616.95
1590.94
1082.62
1775.23
1760.45
1968.71
596.05
1072.32
991.01
1556.12
1773.33
1671.04
1518.36
1825.27
1678.83
1506.97
1646.24
1774.68
1587.21
1931.41
907.96
1356.32
924.55
1696.81
1700.7
1737.78
641.03
1305.49
826.89
1072.63
1274.99
1211.19
524.86
1441.0
1396.36
1636.84
1142.78
736.67
1091.86
1652.85
576.11
707.82
1655.69
1766.92
1277.01
1728.36
1662.4
1743.36
1646.96
1614.94
1611.43
1295.66
1798.36
1595.92
1308.09
717.66
1160.19
1181.59
1499.71
565.63
1549.25
1877.02
1719.03
1334.63
1453.34
926.58
1736.2
2164.6
1357.34
1171.36
1788.33
1166.37
1321.06
1482.52
1641.32
980.57
1196.46
1911.79
1876.22
1922.65
1423.22
1673.95
1780.09
1591.2
1980.27
1762.85
1573.12
1756.08
1398.87
1851.01
1232.8
1624.95
1287.53
1489.12
1535.26
1464.4
942.85
633.9
1727.34
1553.1
1228.34
979.49
1112.23
1500.05
1205.82
553.47
726.96
1578.05
1728.93
1457.05
1503.86
1953.09
1936.33
1972.38
1234.88
1615.33
1092.4
1309.74
918.06
1745.1
569.33
1693.28
1118.79
1710.45
1827.63
1221.02
1592.71
1012.67
1546.24
1748.75
532.98
1453.57
1259.78
1489.26
1409.84
1516.59
781.59
1446.63
1566.03
233.78
809.28
1936.93
1573.98
786.33
1144.67
1758.65
642.28
713.18
1917.79
1731.06
1595.17
1891.81
1963.29
1300.13
1612.06
1294.76
1790.11
1620.27
1579.0
1621.7
1999.1
612.96
1753.46
1225.14
1600.16
1547.61
841.38
1256.25
1490.89
1551.26
758.66
1478.47
1883.58
1392.06
922.71
1482.53
1366.38
1624.47
1888.87
1865.32
618.27
255.49
866.92
1690.58
1784.56
1844.18
1612.44
1531.52
1784.59
1714.98
1550.38
616.26
1669.54
1876.62
1552.42
1731.33
2013.14
1375.61
1928.7
1438.07
1236.43
1375.34
889.05
1702.19
1547.79
1797.44
1248.96
1541.56
305.06
1953.0
1470.53
1402.78
515.35
856.31
1812.39
1573.56
1726.32
1037.17
1795.93
1408.38
864.83
1797.14
1241.19
911.77
697.15
1233.42
1956.93
1895.37
1422.82
622.36
1209.4
1098.07
890.35
1691.91
1268.67
1341.29
1327.69
1523.63
1507.7
1789.5
817.11
1329.68
1869.05
1682.01
395.43
2001.51
1481.67
2146.31
1796.33
798.05
1122.86
601.01
1667.1
1673.32
776.48
1142.83
1702.41
609.54
1115.08
784.94
1659.16
1542.72
2076.4
956.47
1257.68
1204.26
1562.36
1951.66
677.88
1949.15
1400.22
1470.32
598.21
1584.38
1583.78
1922.97
1828.76
740.45
1669.49
1162.01
1849.64
1400.49
1630.6
1682.45
634.17
1148.7
1040.79
939.47
1478.9
1477.8
1616.22
1484.1
1400.25
1410.12
1263.97
1383.76
1511.43
1903.8
1004.67
1829.91
1591.35
1657.81
1483.53
1095.63
1453.14
1974.17
1744.62
789.91
1566.8
1496.36
2014.71
1640.01
1565.02
1774.21
1417.31
1539.13
1676.07
1786.47
1146.96
1557.68
804.93
1727.89
1832.24
508.84
1635.43
1860.73
1847.66
1425.57
1390.34
767.97
1199.97
1816.25
1126.85
1794.51
1205.45
711.29
1452.44
1553.42
1420.57
1799.76
1223.04
445.37
878.58
1793.76
2040.8
1739.33
1675.76
1955.06
1300.58
1570.46
1740.15
1625.94
1266.75
1471.67
1487.36
1686.01
1096.47
1615.78
1477.04
1139.52
869.89
680.24
1861.74
1264.64
1497.17
809.37
1193.13
1512.32
1652.18
1157.06
1316.34
1788.69
812.59
1876.17
932.95
764.53
1707.56
1067.22
1678.95
1873.37
1075.29
1802.35
1895.26
1902.52
747.55
425.34
921.21
1546.11
1799.26
565.71
1857.47
1825.88
1297.28
1617.12
873.98
698.88
1688.58
753.3
176.46
1282.99
1843.58
1670.0
1624.93
1952.55
1681.37
2129.72
1650.35
1392.83
1313.37
1665.28
847.84
1497.88
1480.53
1779.87
1176.87
1641.81
1207.99
1648.99
1569.56
1451.44
1447.11
1217.47
1844.64
974.88
1770.14
2109.12
769.0
1863.09
159.65
1961.62
1332.11
1671.19
1753.28
1121.53
1804.21
2023.12
1631.86
1640.76
535.63
1518.19
1727.71
1538.42
1378.88
1749.73
1067.46
1833.89
1632.18
1221.43
242.97
1887.45
524.43
313.19
1230.44
915.37
1759.82
1796.5
1482.15
1804.79
1664.53
1490.8
1526.26
1071.75
814.44
1689.11
1204.43
1396.65
1298.15
1437.99
1704.64
1594.62
1542.33
618.72
1428.77
1440.12
1838.19
848.42
677.62
1162.83
1196.34
1282.95
1026.43
1641.89
1526.25
1805.6
747.58
1672.07
846.72
1929.66
1952.72
1472.98
1207.5
1433.33
813.45
1875.82
1307.12
909.04
1617.89
1008.42
871.04
583.06
997.41
518.46
1910.07
1913.24
1681.05
1256.14
1182.86
475.39
1594.12
1743.43
1142.54
476.3
1551.58
1673.52
554.51
1410.84
731.95
874.65
1218.42
2140.19
938.45
335.48
1245.04
1832.79
1480.46
1855.73
1883.91
1333.74
1649.45
1907.88
1272.86
863.25
1066.0
1686.81
1288.29
1430.34
939.17
1632.04
2074.75
1542.95
1157.0
1916.27
1972.62
1403.05
1705.22
1517.5
956.62
1872.78
1400.7
1283.06
1526.19
1745.81
1518.09
548.15
1555.27
783.27
1027.5
188.95
1681.44
1920.71
1723.69
1167.46
1330.35
1746.92
1915.87
1674.69
1285.66
1476.43
656.88
1816.99
1795.35
1036.84
1784.61
1238.46
1740.27
1890.87
1634.03
636.17
937.44
1519.44
1840.07
1504.72
1243.27
1566.38
1428.41
1109.98
1800.78
1533.85
1853.55
1577.97
1011.63
1812.42
1491.67
1684.71
960.91
1567.03
1080.66
974.77
1542.98
1662.14
1536.39
1506.16
1823.64
1202.37
767.37
936.97
1739.02
1620.9
1718.64
1398.93
1307.83
1332.79
659.07
2112.14
1162.72
1944.68
883.53
1592.25
544.01
1378.23
1169.23
1039.01
337.01
1682.52
1719.12
619.03
1162.77
2022.81
1856.56
1248.94
1827.7
1504.02
1559.97
1690.18
1515.7
2191.62
1004.0
747.22
1949.92
1668.18
1555.36
1902.65
2173.33
1527.66
1710.81
1604.63
1382.93
1161.68
1265.99
1280.75
1412.75
1489.38
1966.65
1529.01
1608.28
1642.82
1645.02
1359.29
1793.06
1141.66
1398.63
1407.62
1618.65
2015.42
586.87
1175.39
1399.62
1979.9
1734.06
1132.89
1948.32
1620.04
1629.8
1874.61
926.91
878.02
1801.7
297.22
1852.17
1964.58
1860.01
1742.01
1285.79
1564.05
1494.42
1842.94
241.14
1616.91
1175.03
1232.85
1928.24
1354.76
1198.68
1483.72
1603.01
1667.0
1502.01
1549.52
1380.21
1826.46
837.55
1400.34
1114.44
1182.5
749.97
670.46
958.76
1601.7
582.74
1436.77
837.09
1547.61
1823.78
1894.23
1536.67
1897.56
1473.56
1330.38
1716.77
1909.62
1121.54
537.9
1150.16
1833.01
1591.35
1827.11
1950.65
674.97
493.43
1772.27
1198.95
1745.1
957.27
1891.29
1167.15
1613.14
1208.29
1197.65
1459.42
1458.96
1918.24
1259.73
1929.42
1525.59
1389.65
1685.64
1634.38
1902.32
1622.99
1563.36
1158.73
2133.12
1073.0
777.11
1573.42
1305.34
1617.36
865.55
1299.72
1248.62
1656.05
1650.4
1969.4
1224.98
1466.63
1623.07
531.12
1671.86
1574.99
1797.27
1731.74
535.01
566.35
1670.23
1858.0
1199.72
1881.55
782.41
1113.7
1397.84
712.89
2199.41
1363.6
1122.69
1861.43
1948.21
1471.61
1051.09
819.87
1487.55
1561.17
1779.92
1518.41
1670.41
1559.35
1111.53
1849.72
1635.3
1464.45
1943.89
301.53
1728.29
1275.54
1681.95
631.73
681.69
1921.7
1791.98
1220.21
925.78
1562.35
1897.45
1688.36
1350.13
1694.59
1658.89
1274.45
1753.46
1596.05
1503.85
1159.9
1318.97
898.43
1770.03
1944.21
1623.1
1903.01
2153.23
1795.66
1556.7
1685.92
790.97
946.07
1502.5
800.63
1526.24
1441.05
1875.85
1116.06
1517.03
1646.47
1596.15
1621.78
1503.6
1796.42
467.44
932.89
691.46
1463.06
764.27
1916.34
1678.26
2113.31
1637.11
1298.54
1141.39
514.23
972.43
1628.64
1508.88
1670.54
1045.53
785.98
1389.96
1351.08
1586.72
925.86
872.09
1616.7
1622.63
1920.13
883.82
1287.38
447.22
748.83
1696.32
1520.29
1768.28
1552.55
1589.36
1483.3
1829.23
1857.06
1109.78
1878.87
1470.75
1574.41
1015.37
1524.71
1744.94
290.31
1856.09
1854.99
1063.49
1494.24
1030.88
1697.77
1221.64
1395.04
1497.72
1552.22
681.18
1588.5
1632.46
1622.86
985.93
1022.12
1903.86
801.82
1774.16
1915.12
860.59
1427.13
1874.44
1353.85
865.19
1760.25
1166.43
1209.32
981.28
1811.78
929.41
1378.22
1972.22
1544.57
1199.03
1647.89
1687.24
1401.63
1060.33
1499.93
1173.94
729.52
1265.82
1379.42
384.72
1644.56
493.51
1568.68
1265.21
1733.09
1687.9
1758.06
1497.03
1522.41
393.29
832.07
1602.97
1888.92
1177.66
1606.08
1974.25
1545.18
1470.74
1471.9
1190.46
1565.95
481.58
2201.29
1433.06
1006.5
732.68
689.07
1822.8
1433.27
1446.54
1932.17
1851.25
1332.64
1585.11
1533.5
1042.23
1960.44
1639.84
1598.5
1693.21
1530.6
2014.3
1463.86
1690.55
988.26
896.86
1725.18
1792.56
1406.99
1003.76
2026.39
1433.26
1702.31
1640.0
1588.86
1489.75
1008.23
1504.5
1320.89
1910.07
1221.22
1745.28
1701.15
1566.46
2102.39
1365.67
1440.33
1636.49
1519.2
1450.87
811.17
1052.4
1645.6
1487.51
1859.75
1589.59
1275.87
926.59
1220.55
1061.89
1894.48
1522.78
1252.41
1822.26
1378.87
1726.99
2078.97
1971.18
1577.61
1567.44
1625.95
1235.21
556.12
1670.64
2008.14
1798.32
1691.22
2239.16
1559.53
1903.05
1273.86
1040.06
1307.3
1738.01
1642.01
1682.89
1248.81
1669.02
1689.89
834.42
1821.26
1408.18
1976.79
2173.4
1291.38
877.28
1618.5
1805.46
1763.96
1676.53
1060.11
1963.83
1846.6
1860.31
837.67
1647.5
1957.39
387.08
665.29
1379.27
871.3
1394.05
1212.02
1783.84
1124.82
1156.16
1101.98
1223.98
1727.91
1697.99
1385.5
1145.75
1770.6
1595.1
1525.87
921.91
2004.88
1482.99
1489.09
1334.81
1557.22
1759.6
1372.3
1163.71
494.29
811.75
1546.25
873.14
1493.44
1484.77
1588.55
2094.78
1907.61
1761.7
1566.52
1535.41
1502.89
1883.08
1483.53
1597.19
1819.94
1920.14
1509.49
1745.37
1567.01
1561.82
1795.12
1049.04
1044.25
2110.54
2024.31
1562.61
953.7
1714.24
2011.67
1603.8
1659.89
1614.29
1975.8
908.63
1715.77
746.05
1278.14
1619.63
689.1
1512.95
1599.64
1856.35
1755.51
1667.01
1252.05
1188.01
1381.7
1909.8
1834.96
1553.16
1696.22
1419.08
943.44
1696.14
1252.0
1533.83
1232.71
1518.82
1822.71
1990.73
1962.21
1478.26
918.73
1836.24
1220.91
1651.79
1445.44
1701.05
1218.55
1057.43
1237.78
1692.26
1504.51
1603.75
977.02
1681.32
1625.46
1835.26
2026.88
1698.47
472.12
1355.21
1117.49
1393.12
2295.75
757.56
1613.56
1832.09
1131.94
1312.05
1801.02
1770.88
1621.35
1685.86
623.9
783.4
1222.88
1486.25
1420.49
1681.56
1628.7
1604.11
1419.03
1536.66
836.84
1605.48
1825.08
1892.46
1898.23
1811.05
1528.02
898.18
955.86
1757.88
856.43
1542.47
1534.41
1585.48
859.52
1652.62
1944.06
958.3
1733.64
861.1
984.21
1766.5
1308.89
1778.74
1834.42
1561.08
981.33
1391.6
994.91
1437.1
1583.31
1174.46
1623.64
1525.6
1059.01
724.09
1475.02
1098.68
1835.78
1192.97
1242.86
1687.19
1484.43
819.59
1242.62
1530.83
886.53
646.45
642.27
502.42
1364.92
1839.67
689.06
1535.87
1667.92
1552.23
1560.66
1774.13
1838.51
856.36
1428.57
2106.69
1573.36
1767.61
1333.62
1316.88
1705.27
1338.08
1258.59
1124.04
1564.98
1702.96
1485.3
1137.3
1667.21
716.38
1053.66
938.88
1623.45
1076.23
1410.44
843.15
1015.9
1394.7
1047.81
867.22
471.62
1688.5
955.5
805.55
1870.95
743.48
1968.37
1393.0
1592.67
1877.24
1344.97
895.27
1752.16
1401.68
1770.58
691.21
920.94
984.99
1624.45
592.74
1466.75
1634.76
1514.98
1873.9
1122.62
1105.53
1695.44
1559.77
1947.54
1981.35
1543.07
1696.01
1712.08
627.1
1561.38
956.25
1770.94
1031.01
314.0
852.42
1265.16
1794.82
1865.65
953.73
1477.04
1361.17
882.24
1277.88
1600.03
1495.62
1631.45
1849.51
755.79
1596.21
775.25
1788.51
1128.75
1219.65
1143.97
1973.18
1400.97
1245.94
1946.44
1671.68
1227.64
1823.19
1641.53
1552.96
2021.18
1719.28
1126.74
1568.26
1369.68
1658.9
1214.6
1532.17
1115.11
1596.21
1622.38
1858.45
1793.43
2132.45
2109.17
769.62
1552.86
1861.22
1521.84
649.9
735.66
1146.31
2020.08
1326.63
1335.28
1753.46
855.51
1629.76
1604.99
1764.23
536.3
969.68
1700.16
1723.07
913.57
1157.16
1972.8
1735.16
1637.44
1682.18
1325.53
566.16
1876.1
1493.14
1216.36
2218.39
1187.32
1803.11
1250.53
1612.02
1760.7
1911.71
1767.49
871.19
1672.15
1298.56
1663.3
1786.69
1456.04
1749.25
1383.19
1744.05
840.21
766.57
1109.57
1334.33
1765.83
1127.77
1866.71
1281.88
1476.96
1483.42
1368.73
1452.91
1239.63
1979.81
1854.62
1261.01
842.78
1107.36
1480.36
2115.0
942.11
1730.97
1446.12
2145.88
1485.38
1968.25
720.45
1605.0
1340.85
1097.36
1479.46
1143.61
1024.06
1558.79
1246.49
1798.17
1552.35
1332.49
1681.96
1478.89
1520.61
1352.08
2203.22
1579.66
1407.37
1133.24
1193.1
1902.36
1574.4
1547.79
752.28
1488.87
1790.35
1569.17
1784.84
2079.44
857.6
1513.01
1662.28
1604.78
960.85
1822.95
640.87
1524.59
1537.04
1530.14
1249.26
759.02
1225.71
1754.98
1024.66
1557.54
1754.06
1594.15
1761.32
1312.52
1853.65
1602.55
1606.17
1750.91
482.15
1289.32
1129.3
1799.5
1695.19
511.21
1108.32
1366.57
1660.9
1883.32
1395.33
1886.61
1854.99
1056.45
1603.61
1927.85
1593.55
1574.42
1492.58
1151.16
1825.42
1416.85
1315.59
1471.36
1810.84
1381.15
744.38
1394.51
1910.41
921.75
1473.78
1627.29
1340.71
1550.42
847.91
730.51
1701.69
1649.03
1200.63
1149.05
1900.67
1547.81
1879.35
563.26
1541.65
719.57
1274.14
1408.62
854.75
907.08
1441.28
745.82
1874.58
1369.7
1333.33
1858.44
1322.11
1495.04
1564.29
1308.85
1318.52
1300.18
886.37
1687.85
891.82
679.62
996.8
553.63
2058.06
1727.35
1308.22
1189.84
445.89
1238.98
1448.86
1414.73
1289.82
2188.63
1244.0
1363.73
1555.36
1787.27
1756.12
1563.13
1705.28
1378.96
1770.7
1827.21
1468.04
1552.3
1547.09
729.89
1716.75
1167.25
1108.99
1849.86
1888.15
1932.57
1155.36
1635.98
874.52
887.71
1876.98
1226.14
1685.81
480.87
1445.6
1663.47
935.84
1545.83
1690.22
1953.18
236.2
1311.55
2058.47
1966.32
779.93
1358.92
1634.74
1561.05
1709.33
1910.13
1442.47
1488.99
777.78
1544.23
1197.75
791.93
1464.94
211.65
1834.62
708.3
607.24
1574.37
1324.8
2147.93
1274.19
1925.45
1995.0
850.5
1926.34
1596.07
2045.17
697.76
686.97
1696.87
1605.57
1518.25
593.8
1694.27
2188.93
1137.86
1111.76
723.3
1743.03
1725.5
1676.84
2024.54
1626.33
1531.7
564.27
1088.19
1686.49
2036.23
1757.87
1854.12
726.69
1616.27
1251.2
1961.53
1271.63
1383.19
1626.13
1717.45
761.12
1854.57
1341.48
1545.58
1865.16
1418.2
1287.01
1520.9
2009.42
794.5
893.69
1987.52
1762.92
585.75
1597.54
1535.12
1618.36
1854.77
1817.62
1273.48
940.18
1752.55
1479.6
1601.02
822.59
1481.73
943.57
1506.51
1346.79
1559.09
1798.65
1696.18
952.47
1612.77
1554.81
1200.17
1342.44
1795.47
1783.07
1632.3
1758.5
1492.46
1963.46
1691.07
1841.44
1888.58
1261.56
1342.34
1573.54
1173.65
1694.79
1711.24
1878.52
1524.69
1693.88
1981.73
597.9
1331.49
711.96
1752.68
1590.12
1648.41
1397.12
692.41
1378.71
1301.76
1458.97
1207.96
1779.86
1887.46
1299.36
2023.07
718.3
1597.43
1003.59
1499.83
1147.65
1145.24
1653.08
1382.13
1210.54
589.64
1407.06
1487.36
1514.63
1773.53
1706.05
1514.48
1743.5
1711.71
1540.94
1569.18
1405.95
1306.61
1506.46
1965.13
1020.05
956.57
1886.31
727.46
1784.64
1493.96
1537.18
1468.1
1764.66
890.1
1896.24
1783.64
989.88
1782.77
1192.18
759.52
1426.02
874.23
1415.76
1885.95
1543.29
1468.55
1662.21
314.34
1636.79
1253.26
1225.09
1724.2
1102.96
799.06
1713.28
853.43
1359.2
1726.15
782.0
1484.6
668.92
641.2
1467.39
1712.5
1073.34
1623.85
1489.21
1079.97
1903.97
1671.39
1628.28
1506.03
1459.46
1380.29
686.08
1714.83
1832.66
720.67
737.55
993.33
1684.89
1810.73
1149.21
1974.0
1234.99
1199.16
1892.76
1285.14
1985.58
902.92
1387.74
1532.19
928.02
1825.14
1315.72
1171.44
1764.13
1346.26
1036.37
1818.54
1974.35
1588.88
1522.29
1190.75
1155.88
1334.48
1550.97
1339.42
1963.21
1603.11
1456.39
1253.54
813.65
1807.38
1572.54
1277.64
1490.95
1885.45
2175.99
732.92
1776.59
1712.29
791.72
285.29
1551.23
1426.32
1369.34
1115.16
833.29
1583.71
1746.1
1460.51
1751.44
1383.6
1425.42
1002.0
1594.59
978.07
1126.75
1536.15
1191.48
1067.79
718.02
992.52
1790.59
1993.52
1769.1
1812.46
1248.29
1684.33
1690.73
1191.78
1260.07
1963.89
1165.97
1647.99
1679.0
2006.41
1474.95
1406.88
1481.48
1954.01
1039.03
920.48
1473.63
1505.74
954.91
1039.15
935.6
1214.16
1826.08
1422.46
1347.68
1814.2
1515.05
1608.89
315.73
330.56
1976.23
1662.05
1037.66
1809.94
847.92
1022.74
666.34
1659.73
1217.79
2028.49
810.58
1556.97
1421.46
690.13
1904.62
1141.64
681.63
1347.68
1749.27
1615.64
1274.86
1895.11
1449.89
661.67
1807.06
2027.38
1383.95
2087.41
1201.73
2174.86
1195.86
1744.88
966.49
1458.82
822.42
1148.59
1541.52
1464.18
1361.89
1499.23
748.25
708.59
1529.15
1278.5
1935.36
1883.49
1567.76
728.33
1332.01
1130.2
844.12
1616.53
838.1
1485.06
1343.56
1323.37
1422.73
1678.04
947.59
1001.59
1775.74
1380.57
1931.66
918.56
806.63
1811.79
961.69
1303.37
1596.84
1576.54
1338.74
172.15
1803.71
1306.75
2004.55
1349.77
1527.49
1291.12
1943.11
1751.06
1672.22
1602.65
1759.34
750.05
1894.81
1573.48
1539.18
1619.25
1764.6
1476.99
1418.48
1829.87
1731.49
1166.19
1738.01
1364.61
858.46
774.09
1206.35
1936.8
1223.98
871.22
1673.78
828.27
1564.58
1291.53
1141.38
1559.52
1530.74
1599.23
882.41
1748.6
1284.98
1135.09
1044.6
1435.6
1494.41
1518.4
1144.9
1372.47
831.61
1797.14
1230.22
1676.87
1082.15
2174.59
1798.04
1240.32
1929.64
1236.1
1747.27
1466.29
1241.75
1511.12
1556.03
1433.57
666.75
1604.45
1435.59
1024.41
1997.35
1343.74
1852.77
1092.77
1438.88
1185.42
1934.0
1563.04
1880.13
1606.84
1649.64
1808.27
994.29
1678.7
795.25
1409.61
1101.68
1252.75
1161.57
2052.34
1779.01
1542.86
1150.12
960.63
1363.09
2136.5
1755.99
595.26
1165.19
1157.17
1604.29
1493.42
1577.62
1601.54
1493.36
210.04
1537.7
1740.45
1455.72
1680.1
1027.06
1832.01
1855.65
1083.83
554.55
2172.81
1176.19
1735.38
1726.49
1240.7
1972.14
1167.29
1632.62
1785.72
534.22
1306.5
237.56
1762.95
843.63
833.33
1858.19
1850.46
814.06
1387.65
1562.38
2011.05
1798.4
275.67
1596.39
1104.85
1913.8
1228.28
1997.3
1981.8
1926.04
1429.27
1715.37
1231.14
1489.01
692.66
1724.4
1469.98
822.45
1142.66
1729.1
1053.64
1784.5
317.15
1704.92
1664.73
1019.41
1096.58
783.43
1541.93
967.4
1168.93
1222.31
1097.02
1559.81
1573.14
1113.75
1378.39
1550.32
1272.07
1546.54
1437.95
1757.15
1729.97
1184.43
1255.88
1033.13
1573.15
822.97
637.9
1259.99
853.46
1738.54
1274.55
926.12
1821.45
1119.04
1771.57
1330.19
1142.54
1403.35
772.95
1357.23
1337.67
1438.43
1849.6
855.71
1336.99
1452.53
1783.43
553.77
1393.38
1388.04
908.17
1935.51
1817.8
1131.57
1352.66
1304.8
1625.03
1711.16
1422.49
1137.12
810.57
1994.38
1181.82
1943.83
1208.39
848.18
1996.4
1398.65
1566.69
1222.26
1447.64
1569.9
1293.43
1226.86
824.12
1355.87
1356.32
1345.94
1374.78
772.87
1415.69
1129.49
1329.2
1452.27
1679.4
1943.2
1604.28
1280.1
1884.24
1060.85
1513.74
1089.1
1659.8
1295.29
1216.57
1569.22
1624.09
1738.23
790.04
1198.35
2071.81
1744.75
1829.56
1329.92
1965.25
1768.27
2085.14
1563.17
1580.77
1610.83
1869.52
1487.53
1162.63
1381.26
1508.76
1250.39
608.87
1119.72
1807.57
1327.52
1606.78
1886.8
1789.82
1532.06
880.15
1551.7
1799.3
333.48
1472.7
1277.0
1592.78
1660.49
1149.25
1405.5
767.45
572.48
1310.75
1793.29
2022.89
1839.96
1771.42
1446.87
1592.61
1716.83
1934.15
868.11
1756.7
574.53
919.5
1134.12
1494.14
1018.91
1591.68
1194.49
1568.13
1647.85
1481.02
1410.57
1430.96
1712.33
1323.59
1602.18
1895.77
1622.05
1054.87
1321.83
1745.74
1207.63
1142.9
913.63
873.71
1553.5
1785.99
968.8
770.13
1184.39
1723.27
1426.18
1360.25
956.26
1779.43
1575.27
1589.7
1641.2
1506.09
1229.37
706.88
1331.61
905.87
881.79
1804.34
1990.92
1304.63
2012.58
921.1
1299.52
951.55
871.57
1114.51
1302.44
1566.36
1491.01
842.72
1545.98
1816.51
1454.98
1334.36
1671.46
1534.86
1875.99
1259.5
985.8
1404.67
1737.12
1319.62
1217.68
1584.13
1140.15
514.28
1637.66
1548.14
834.35
1156.32
1258.03
884.41
1631.99
1541.31
1200.72
1194.33
1642.38
1620.91
1696.18
1789.19
1495.65
1475.34
1742.53
1668.32
1680.78
1929.86
1840.53
1623.07
1706.04
1194.72
1493.27
1354.75
1141.01
1742.67
1357.85
1218.66
1745.08
718.42
1817.92
1208.46
965.73
976.54
1971.05
1562.84
1492.75
1671.9
1442.57
1615.89
815.47
1397.05
942.0
1522.39
1672.08
1053.3
1440.11
1513.26
1021.18
1256.44
919.0
1571.77
1744.77
1040.76
1261.75
704.22
1512.34
480.01
1087.58
792.11
1453.91
1560.6
2043.36
2164.99
1368.7
1912.27
740.11
950.63
1923.87
1584.33
1372.8
1493.24
1535.67
1250.27
1915.86
1591.85
980.57
2100.89
2165.14
2021.99
1607.1
1530.3
827.71
1555.99
1235.95
1524.84
1535.37
993.83
523.98
1995.17
1249.18
845.89
1480.5
1689.62
1214.16
1620.93
1961.72
919.4
741.16
1354.65
1764.74
734.43
714.9
601.22
1752.29
1676.26
1440.98
1840.63
1320.33
1862.84
1496.11
1413.12
1622.89
1962.19
1542.1
1294.29
1576.11
877.04
718.9
1544.91
1611.3
1695.5
1599.17
922.32
1821.42
1766.72
1684.23
1971.46
1667.17
1692.17
1474.24
2163.17
1745.57
1129.29
746.91
767.32
1756.36
1068.51
1624.29
1704.1
1453.95
1106.18
1446.63
1351.07
1538.89
813.62
1289.55
1806.76
776.18
1611.25
1073.19
1604.4
1504.86
1214.12
806.63
1489.25
1505.27
1503.66
1483.93
1275.06
1676.55
1296.7
1537.13
1401.49
1826.86
963.11
1795.36
1681.38
1579.53
563.42
640.17
1779.88
1087.84
836.74
1592.8
955.53
1629.25
1761.61
1558.67
1781.74
1718.6
1495.48
1819.07
1862.3
1251.21
1416.0
1491.26
1548.06
1157.82
1072.66
1563.97
1353.07
1315.38
1558.04
1640.93
1337.94
1518.23
1743.78
688.4
657.6
1351.97
1500.56
1420.64
1766.92
1664.62
1229.88
1089.39
1639.12
1407.06
1041.56
1839.71
1484.96
1835.09
1543.98
1574.07
1155.67
1453.13
1727.25
1748.31
2132.31
946.2
652.44
1283.64
1447.77
928.76
649.86
1715.86
1198.33
1764.03
1294.83
1735.94
1800.15
1560.28
955.21
1504.22
1609.26
1108.77
806.46
569.01
1231.44
1837.3
1649.73
691.4
1357.08
1483.74
1704.29
1575.83
1979.77
2007.27
1860.86
1428.77
1984.16
942.65
1114.77
505.64
1665.04
1514.44
1309.06
1534.52
1661.15
2101.69
1826.86
1585.31
1502.9
1329.89
1479.24
1616.98
1939.41
1982.59
1402.91
804.98
1710.92
1474.61
1296.06
1411.49
1473.55
1874.31
1102.6
1093.26
1322.18
491.04
1551.69
1543.74
1567.33
1468.88
1220.9
1127.58
1335.55
1078.0
505.36
1592.27
820.2
1592.44
1014.67
1737.42
966.32
1922.32
1751.39
1688.28
1606.46
1885.2
1317.42
1820.05
443.17
1191.85
2174.04
1026.18
1292.26
1448.21
1585.05
483.13
1361.43
1492.34
1350.88
1849.2
1824.23
332.59
1542.29
474.92
1640.63
1432.3
1652.85
1473.57
1769.82
1926.74
562.63
225.53
1199.88
1144.4
1199.29
1326.2
836.9
1775.48
846.79
1781.77
1527.89
787.79
829.85
1249.87
1724.44
1904.65
780.99
1548.94
1578.59
1098.65
548.27
670.8
1520.61
1253.82
1057.4
1467.59
893.08
1643.84
606.33
1203.34
1726.79
1603.45
1994.11
1565.4
1538.64
921.88
1753.27
768.0
1643.98
1190.46
1641.71
1339.75
1313.13
1535.49
1421.6
1553.77
1532.43
1924.23
1765.19
1826.32
822.29
1777.78
1236.38
1525.64
1931.97
1664.03
1691.45
770.11
1284.02
1264.73
1943.91
1484.51
1821.81
1735.34
815.36
1568.02
1682.28
1858.56
1140.32
1069.42
844.24
1484.35
2137.79
1064.58
1784.47
1599.19
1150.81
617.59
1667.53
836.14
1318.41
553.14
1128.19
1148.25
1257.59
1921.61
2010.23
853.37
1607.63
823.4
654.18
1402.45
1133.43
722.56
1530.83
1784.31
1246.45
1486.75
1122.91
1341.74
1561.39
1488.74
1124.07
1272.42
1345.01
443.0
601.43
1582.91
1206.92
1113.47
940.56
1393.41
1125.31
881.8
1795.18
817.22
925.69
1526.13
1618.27
1559.81
1189.5
1596.04
1591.9
1643.38
1456.53
1873.01
1454.82
1667.62
1787.09
1084.0
1756.79
1511.47
1688.22
1381.17
1309.54
1714.82
1404.69
1875.36
1990.61
1865.93
1918.87
1583.32
1191.43
1552.34
1680.34
1297.51
1426.54
1070.04
1649.83
1941.81
1898.64
1896.63
1414.02
984.03
1400.1
1637.01
1305.55
1804.09
624.73
1469.81
481.8
1363.13
1972.95
1526.84
1566.43
995.87
869.15
1671.09
1354.6
1310.15
1513.77
1304.2
1940.64
1570.02
668.43
1243.15
1741.88
1272.45
1302.0
1554.81
1582.0
1052.28
743.39
528.48
1786.88
909.38
1731.03
1876.17
1580.36
1450.65
1980.66
843.29
1368.27
1536.92
1353.13
1306.21
705.73
1857.53
1537.63
1501.58
426.62
1123.66
1549.89
1536.37
957.39
1948.18
857.52
813.58
1398.89
1272.27
1735.46
1048.83
1172.59
1906.28
1979.68
1643.16
1301.99
1153.21
572.31
1693.49
1477.01
1685.13
403.18
1751.31
1655.71
1701.58
1601.56
1746.04
942.89
732.48
1738.87
1672.81
1607.04
1404.5
1208.25
1457.57
1090.34
821.89
1948.9
1051.31
1346.67
1388.04
1082.07
1065.65
1595.99
1923.93
1359.71
590.88
1459.59
1081.85
1504.52
1562.81
1250.92
1752.92
1370.86
1547.53
1939.2
1604.46
1049.04
1445.03
2172.58
1153.9
1509.11
1499.99
1103.25
1272.41
1483.71
1105.88
1530.13
803.74
1232.89
1046.36
1156.69
1546.51
750.5
1399.96
1976.9
828.36
2140.65
975.25
1126.58
983.15
1615.44
1844.64
1375.13
1504.17
1283.03
986.51
791.06
1823.05
1172.08
1871.22
1677.0
1713.07
1021.55
1499.37
1449.28
1850.37
1205.12
1387.77
1722.25
782.94
1772.28
1903.78
1864.6
1802.13
1751.95
1091.86
1671.81
302.0
1414.74
1013.28
1389.71
805.1
2107.71
1416.96
1459.83
997.98
1970.75
929.48
151.27
876.68
989.56
1919.64
2004.47
1781.1
1562.76
1937.69
1212.8
1623.17
973.55
1203.5
1487.92
946.05
867.38
1672.53
1194.58
701.33
1404.63
1738.37
1483.46
1626.77
1923.55
1167.24
1971.96
1636.92
1524.16
1607.58
1230.18
1285.52
764.18
1073.15
553.4
1584.85
1578.07
1705.47
1522.54
1237.49
1312.56
1288.46
611.8
1859.72
1835.95
1475.1
1759.59
1567.1
1467.57
2051.69
823.55
1305.83
810.6
1635.25
1422.8
979.01
1233.81
1774.89
1657.47
1672.28
1399.68
843.68
2014.91
879.19
1415.71
1352.63
1280.87
1513.78
1321.65
1430.74
1112.32
1026.45
1995.31
1566.7
816.78
1788.39
1387.78
1408.19
609.98
1762.86
1486.84
544.76
1130.08
1484.2
306.33
1479.62
1193.63
1404.74
1681.13
1332.62
1288.6
1788.53
2143.03
614.8
1552.9
679.79
1648.63
1456.87
1185.73
1953.44
1661.68
1827.1
1501.08
1417.56
1938.56
1084.41
1764.69
1431.93
1427.37
1247.49
1641.12
516.9
1055.28
965.07
945.92
1784.65
788.73
1034.2
1816.82
1510.53
1231.45
346.76
1225.62
1138.51
1043.79
1201.22
792.9
1603.52
1602.08
1799.96
1459.24
1741.1
840.06
1611.93
1611.48
1537.83
1561.88
2108.09
1258.71
1516.16
1461.71
1297.69
2015.68
1818.14
1534.4
999.8
1724.46
781.45
1463.94
813.45
1877.5
1510.08
1259.37
1581.53
1581.53
2025.85
1631.97
183.77
1584.68
1727.35
1348.11
1017.71
1400.32
1533.3
948.59
929.21
1841.32
1609.87
1542.52
2046.39
1979.13
1405.62
1321.75
1665.52
1659.73
1402.36
371.27
1621.91
1800.36
1366.85
1196.74
1756.49
618.3
535.81
641.04
1849.6
1312.52
